50
5
-1 2 -3 5 -4 
10
21 3 124 -214 25 11 154 110 -5 8 
3
25 21 -25 
3
555 2 -251
3
-51254 -21 21 
2
-215 12 
2
215 -21 
2
21 -21
2
-12 -125
2
15 22 
46
48396842 -35052386 -30486045 -54277543 -3275371 41026 -17627617 -6927839 62909018 -34371934 -37465207 11959880 26006848 6524529 6644510 54211715 45356610 -60891284 -44732672 43484538 44583777 -76326412 1073267 -19440843 59945515 5973183 11911111 -66023048 -23389379 51514805 -18134110 -39792017 -48337060 36580365 -8869040 -13895559 -28178088 58703863 16893474 -30068550 62048801 64628787 19608202 -24227479 -41129812 -38546767 
64
41943670 -61721179 5652604 20628729 -81936882 -32956935 59418868 -16177204 -37810900 -46891076 -69065573 -18633427 14920065 20166105 949335 60328568 9545917 -27269779 -60823599 -69149122 -17730995 -66919216 32944872 -10082673 32846458 -14709469 -55273951 -56180501 -18122408 -56103846 -53278872 -40978218 -32624504 -9909396 17367383 -29360866 42334189 -35496876 -7821198 -60276190 -44671080 -39169898 -41192745 55449505 -83803273 44957110 3494945 -36540484 55404203 27871866 -20489086 -27126272 -1330477 50172658 507927 -33283499 -76819939 30434497 -51747128 -9741827 59531171 -19825480 -13003172 64623539 
57
-60435269 -29536806 33000354 -58215273 358868 10441036 -17685833 46389490 54448811 -27035808 47786737 -12877206 14176010 -53553227 -22272483 -22751604 -36325441 -11681882 61118439 -50952263 26542917 -36964540 59944671 -7822066 -50994795 -14596636 -60574022 14380245 57600712 41766389 5046410 34882316 49946455 -74236363 14383915 -14494156 21405193 -68101397 -32904146 -36429123 -57420333 52599464 35894191 41956197 -65753243 51338580 56921466 -64361811 -72626430 53240425 -77597202 39117008 53992758 -82452011 -80988186 -61801517 -59331774 
52
-9704400 35985810 23121574 33058883 6068646 8268549 44023040 -44346918 -71025087 -46854895 -74731443 -18728712 1916502 -46951256 -30928728 -74472435 32721814 -58965099 62066666 24843800 64389962 -75359244 -34198903 -78006719 48958284 -45005625 27258142 5686971 -69090270 53126888 -12957845 6405851 24313219 -54635751 -25334746 -81901263 38833319 56405166 61468691 53008752 -55249209 -78062232 -78003088 -15615834 62703385 -71214944 -4887749 30625719 57536830 -55104211 -9329961 57127312 
22
41671656 16837465 -6071426 34382904 -20703872 -65183935 50493154 -32376464 7058741 -55384123 29653627 37623510 -43001997 32952885 -35826299 -51396311 -17861552 -47617026 -68928647 -58206911 62096758 656039 
14
-73917665 33485162 55523233 21336037 63581472 -66089856 13663869 56035410 13298672 -34298145 -62319144 -17117904 30198503 -42302558 
39
35538911 49956703 -49091480 -47090589 -24702915 -6892956 -78937184 24671307 -20572395 -59081864 14771153 -4300522 -32088255 12068431 -68443963 -7190741 -24132362 2758072 -63950636 -67595805 1540064 -44839972 -16215063 -54707654 53659221 34687312 -31826278 -75741811 -47397313 11071684 -69449168 25858470 -51254741 -80823775 63968401 9242865 -2516211 22748089 -78368956 
22
48866746 21602717 -54471735 -48020989 -78611980 -85198826 -17494857 -17543821 2759766 3755027 -47422754 42016702 44115576 21562703 25025920 -14508331 -56033113 -71599837 -5049622 -65713554 -22811281 -36781917 
73
-36349149 -32405172 44514358 10610588 2795489 -45020680 17442152 -47375725 -60953414 -25754611 -64130588 -71257531 -19166071 38387459 -3551868 1006980 -71135903 -64596320 -8698901 56081320 17236128 50580674 16307760 40444669 -70251918 -17575205 -76888081 51751400 -2669613 -28469478 -15186291 46181758 24325870 -82955060 -8007134 -37678121 -42775220 -55364462 146675 -18528114 -43402201 21216607 -4585125 -24851400 -5195414 29579880 61356101 8869204 2700432 -59625928 -47332604 -44862920 -73844734 6692028 33298621 43620220 -75682656 41611060 30572141 6848251 -51657897 -49413630 -59253119 57868493 -47168170 17940267 -44609107 -4742870 292677 -6745560 14445888 -5392652 -50328433 
80
54956468 -17806974 12358036 4029441 28779102 -49741012 29604033 -83352982 -56887060 40959820 -38944082 61612081 19780560 -29426218 38423661 -61930427 15138905 24482636 -26143536 41086306 17551650 11888814 -53256555 10659415 44862817 32236642 -60885625 -5490775 64560862 -26013538 -70196267 54717851 -6103640 27362289 -53535836 -42124018 15338149 61268718 62239872 43651609 -10054590 -41503689 -7019438 -55073510 -33213035 -80878904 -31803416 -82873609 28804252 -20230080 -4070431 -65927226 29375606 27873535 29932709 9438943 -52172951 54247604 41665041 -52411568 -84049061 56669294 40023155 -4952181 -28251544 -78312161 -9359326 -77712875 20673429 -59402582 3655607 -54180641 -63189399 34353041 -71537278 -11201913 38674657 -18140174 -56358650 -44804218 
70
24771439 -73014572 -36077256 -59638154 42118658 58562208 -26610584 -15916866 35427769 -41305280 -14765407 -20186065 36434747 17999285 36762911 43323106 46356831 44250557 -48286592 -77845231 -64376964 -17266713 -55834109 55176597 -3603471 -29319150 -18431873 15973227 -477280 -25519219 -49479635 62011031 -13333271 -356370 -62426602 -83497741 -6593642 -51320314 -14214086 -83449001 -7425074 8737379 -65918194 -83273455 -38062816 56045238 45250171 -56505465 -11987333 -67835901 53366177 8836223 -47385741 35248940 -48270308 34211308 -58869690 18498339 -62098592 -21630098 -71820360 -26377707 -24418547 -47436758 58466443 -49128277 -45733979 -60410327 -15248071 25252455 
84
15043727 -78293293 63139871 16970792 -31155589 6901981 -50062164 -49944181 -69884832 -80181193 -61377484 -23331737 -42366414 11588328 13598475 29561767 -9564490 -80186313 52663695 54005932 35710199 64002860 -82695743 -76526039 57669824 -46623499 -84543145 34976369 -24154698 -21573818 -33449214 -73910450 -14666591 -35108823 28260862 39378341 56993678 15915570 27151032 24825718 20934898 3490420 -63305499 63769004 -49720732 35493496 -18952357 25915298 -6975945 -31088142 -32361898 -36065225 -31884761 -29857121 -27390744 63501935 -38763748 -74217017 -13804824 22282075 -10590314 37946482 33572145 59943615 40554531 -50450121 -12961172 -14734919 50665970 -50609620 -54708681 -40682260 38081320 -32813660 -41712736 26077460 40396709 -22948220 -12806722 -31378716 31164158 -7451748 17756579 36996269 
80
28082708 -11784924 46844776 39066211 12127125 4327371 -83807231 -62209521 -74383612 61336905 63545531 62883140 -16423747 -15988868 1265982 -29316494 -32980676 45784242 -56034654 -28077464 41788378 55243327 -52480235 -45959322 -69846523 -46142078 22921709 7902250 9331373 -52365150 -56489226 -27385399 21050447 28072422 49397685 -79105556 -32399686 50790974 -56114557 -69066426 -155249 -57368506 -70982766 -81378475 -35640501 15483736 -72978097 16579343 -51015150 -43812231 -76297601 -74026251 49147968 58939037 -82268701 64501966 -52002521 25853528 -39878912 -4954276 58688899 -58651266 52860846 -32543782 54621676 -10024597 -26448818 59938862 -71516751 2637145 -73927043 13528521 -17014488 42807063 -30133082 -14938117 -53992328 -17910659 39358098 -19806958 
74
777369 -8632689 -39657529 -5083074 -53184517 62561309 -19368723 57869531 60399269 60877522 51758950 -63051477 1455240 56932040 29287071 29147515 -81799906 24426454 42831284 -41445888 35699931 -55923323 26740144 13707514 -48339533 49518899 44915706 -28533320 24077517 62825621 -14822465 -39944594 -58090196 30720526 -7310795 -26074193 -19001293 11037354 -33004141 -23401504 -40368252 56471681 -48736109 46287508 1120594 -84248518 -36848105 4521208 25378456 43700052 48275840 -51204741 -77022751 10216504 219646 62354589 -52547725 -67147776 -78461859 56730312 -69121635 -8083804 54502591 -42011310 -42162758 -65091332 -30368631 -23447179 31146542 21827748 38351837 -74021189 -33983698 -75183752 
99
52337416 28284603 58335607 -7940856 -11136421 37236179 -24464495 -24624289 -2069700 23468881 60795877 -51998239 56121677 31364973 -45259577 568861 47443859 31857139 -57211676 43149421 27411254 -37102488 -52018690 -60835405 31760927 7525931 15233305 -4543390 58742753 -22233575 -59359679 -1202959 -58748452 -65823552 -73943295 -32168000 9129499 -60690918 -19075417 -57739680 47978484 -23079020 -72021047 -8182967 -56513527 -32080104 30102766 28647204 -65022444 58091611 -40486503 105682 58705995 -7304672 -23012851 25667442 37938131 -72579026 58840924 31881404 -57095728 -65318234 -81604683 -78127308 56575086 -70347458 -72578436 -46578542 56678497 -6453333 -66601350 -7626147 8184519 -53421877 -80608594 -10612135 -301460 -12788956 -46764411 -27607032 -66980473 -2050393 57699170 -73073957 28361807 -77596809 -9689643 1500458 37541038 -15648198 -78901266 -84354170 -43249560 -75305429 25235394 -51473954 42063985 37857479 -60335624 
38
-80878982 -41736454 -38482625 12506058 -9957810 -81374347 -62905557 -75058750 -8962782 -71953096 -64948910 -38226383 11197031 30467132 -26099820 -72724290 38070843 1927410 -33506960 10812401 23996084 -27207706 -35824897 -84052956 -64796263 -75388982 52189962 62468243 185369 -72945141 31611765 4506907 -29481075 30846013 54729837 -1722013 34672186 -72975200 
25
63426276 -59727775 -18812281 -39599586 -10813872 -53144629 -27982534 -45821289 -79873265 11661748 5872271 -31343992 -29141648 63865086 18031632 -75477732 -65730657 -19640478 14429103 34454458 -84254589 26684482 -46216904 -42030810 34920279 
41
-52100452 -31601213 -7781313 62641220 14535416 -56638164 40630317 -69076344 -58520878 -82466682 -37020453 -48786540 -43087451 -79176846 48075729 501692 -25320317 56650953 -47916350 -72088165 18890094 -75930134 -6528123 -31480283 43724844 -53065840 32921071 -67291540 -57379778 -44441778 40254961 -24279710 9157529 -79809479 -73921617 61409818 -51247123 51909220 30050346 -72051129 54643058 
57
-35637149 49272479 36770440 50155452 -15025308 -53349357 42006926 22258862 62279350 -3902460 31529248 -56531901 2334129 -37029035 -24397221 -29544280 -19120055 3423521 11214462 58851779 16860684 58088864 64242820 28139587 54699202 50712569 15249327 19950068 63861960 -42390742 -14102647 -84058317 44598609 -42131687 51297656 -35226179 -57764172 -18978546 24749556 -60284302 62319514 -56004324 -31615683 -47629485 -7832839 29187616 8026755 10763979 -79671990 -45558263 4816278 22389214 50247473 4259618 -61754327 40147195 -57310941 
76
-52185865 -58248461 34021650 18912009 -57106258 13820780 14497194 31908270 16311473 41933543 -51869756 -71222099 -83150239 48166630 -42025902 -77049049 -64262335 35341779 37339087 28964940 -18693722 -4616031 21123550 23839428 -47026297 6571543 -84184082 -71063752 -65564389 -56294503 52832289 -32549734 -29342444 -25429189 24079147 -48731829 -76407889 -73706786 -81623039 -22379543 53427277 54224078 -8401122 7993910 37591228 34773496 16145381 11045766 -42167852 -58798659 -72272422 -23144702 -25697818 -13432000 -64104753 -35007242 -71659936 -63088315 -20870474 50492547 -34182297 -32837665 55659685 -25807869 -20549981 -32544295 -36822826 -59240998 -21050561 -80728992 3579979 -79906412 58695606 32895730 -34195630 -15996294 
30
19666624 -69750008 -1581234 -1415163 -56821909 60474585 58087539 -32537037 34086704 -41719183 -66480101 56198909 22610864 -80787034 59733484 27490071 12589524 -30873864 -57859390 -84754251 17503830 -31899867 -68087940 21975358 9396984 -62793832 -31612164 -22506766 -59272590 37592063 
89
45594554 5558927 54215491 -20620089 -13546110 2406948 -27332029 39117374 -75789476 -31334340 57837793 -84390046 -73522956 62251280 13060310 39167636 10041324 -82613034 19025118 -36996055 -27392331 24842123 -19883475 32299899 -30560372 2523213 -64111744 -15350266 28451143 58680839 40446459 -38237430 -48043362 -17621177 26343001 23611049 22502643 36727844 -2071057 31913688 -59405975 -9032744 -14759486 -47728411 -59064592 -66498656 29156097 36177252 -63911169 -64101912 -65618283 -53586628 45940731 -47784886 63913791 -49419121 39938847 -64997433 -27052514 -43893137 31400278 -51405535 3069953 -81442563 -31309840 -82870174 27369006 -73606676 -8425457 -39501531 -3976116 17369088 -10817403 -83535082 7357549 15318526 -64833218 -75769481 -60787350 58972485 -54670873 -41205112 -59413623 -73529622 -51273126 -60299311 64768130 -76133758 62420128 
84
-82310023 29020927 -40772527 -41523198 -14704764 13118154 -39192852 -52135238 -22771650 37582211 -53919897 58452754 -57331829 20463220 60118192 35226241 -76501382 33001846 44657280 -52088211 27174852 27703279 -55576451 5478101 39374177 -21649057 -17104338 39342827 -60065943 -19483689 -52540517 -57175446 47254110 -55596171 -13498124 -79733782 42722503 -14974103 55847852 57667725 -42191372 -62871525 51320999 -61806328 -4691433 -843937 11136785 4007706 -32641571 -9005415 -10363633 -70266199 -46101616 19260436 -27071225 30989433 -67188101 41024957 5532781 -42053523 59258140 -9290864 -61512097 -5770878 20313485 10190300 -304140 -49247140 -69583283 -56739416 -56378895 -74057783 -34410421 -69857376 51852761 -1384981 14499207 -1809934 40339597 19574509 26901523 -34823516 -12974818 18516779 
12
45154477 -15293267 40166211 -26103693 27956386 35829560 -31645033 -46133958 59517984 300962 11896400 -42574844 
74
47849780 -26957607 -83825201 29187758 -63298518 -33035102 44530902 -76245236 3296789 -53253018 7145350 -68646742 51522011 -30752606 -65753386 -26252287 -77035307 41600926 56619063 -54611702 -30515990 -34284110 58545204 -59485910 19271377 50128119 37748946 57289211 -2774961 -69625378 30203426 -19724661 -58866113 31578745 -55336383 -84447758 36260515 26911392 -75492474 -25242175 11375246 -30630252 -56172045 -49385871 -23665986 -36724910 -37921286 -62984420 -59923464 -46101703 -32395602 -52722582 -42668941 63866475 -74491619 14319309 49195114 48457847 6809040 -18379327 16549342 -27787014 -387116 42883749 -61007749 -18006626 43636511 60453287 46621638 5860909 -77072016 -6802596 60431178 -48043541 
97
-75517936 432069 -18676009 -53301836 -21774522 20422809 -47980565 10703416 62954388 -48913570 21412317 12474217 -64517936 -42412963 57000130 -45180391 59336899 -35586364 39633013 37421168 -11393592 -43173093 -31225448 -63223433 41165417 59835981 -55094929 -77920307 7984031 -17937950 -11191382 -29817032 20210992 55333130 -45401996 -66363010 -36527189 -8182041 -17942722 64144071 28104909 -61329884 -35664839 1303845 -66025975 -43464189 41323974 -71488556 6149967 -31326140 3649484 32473247 -36782361 57624556 6966686 -60416423 5177410 37072277 -53136210 50878313 56851200 20872929 -43738199 -35220936 -36077069 -3939674 -16383426 12596262 25595157 3390724 -35542795 -58583061 -20222288 13992886 27921304 -1047743 55729217 -43037849 12664221 -50403943 10836531 54030578 19786176 59254690 46855654 -38046617 -65961213 -60250064 36742532 -33896902 -74171230 28794252 24692899 -80192557 -71226164 26332702 1068289 
62
-73354164 -38136033 -8785121 -23696439 -11518574 56193111 -74503032 54119602 -9654111 18943057 -53717727 40726982 6255986 -5164324 29958080 63759035 -10709113 -35469393 -39087062 -38953454 -10518937 35372342 -35133484 -46973295 -48116533 -75240065 -41965331 -81625825 -11190491 -3180170 56198330 655865 -3599331 -17386271 62159947 22598967 -25992640 25373787 11919090 2070121 -20482636 -4081765 -22002376 23490223 -74045568 45672576 22449778 -47037809 -54596297 21079588 -790743 -27398361 -8347550 49276294 10828864 -18747211 11753101 6580405 -15172515 -64236869 -61399244 -23773665 
72
20201945 44040584 -28503665 -21998567 55764816 -67929358 27637395 -6964542 -50695121 -41243850 8749954 57995622 -77572546 -57860598 -31837728 -39409835 -27256374 -75557620 -2483705 -16937863 -46188298 -65490539 31607873 20265012 31463082 -26611201 42809369 4943085 -50293573 -45763776 64279474 7625244 35993680 -29023671 -79172803 26959016 -59236156 -13818536 57711346 -24730757 -17345513 -45821828 -31534615 -9717539 -18481905 21828177 36073147 -8021407 -16012571 -78693686 60241250 22999651 -58983705 27049643 -69018465 10196249 38155314 58991424 52856207 -76937739 -51571832 52336201 15888026 22138720 61029402 -25567905 -63185391 -63006234 -1669568 -70273525 -2536471 -83814561 
92
3645786 -8331580 -11659865 -39325517 -84541561 -84480752 29862432 -78034727 13477370 -59421044 -51817912 -71756115 -43238989 43578858 51599720 -49047044 -15848063 12378853 -62902004 -28311342 -84016249 -3046411 -79565068 -71867281 18968718 45145571 11663671 -13587935 -22190380 13049630 -6765895 19172279 -60081430 -83225240 17563634 -59422470 20010880 -64857061 50259675 -31311230 -39077585 36158636 -17866824 -44599702 -32545634 -78550232 -55929874 36806823 -28454507 -33631357 -56303999 -27270235 48522752 51847805 -13936996 -44791658 32193896 -67072805 26820927 47720389 -16306303 -44744447 2093188 8812787 -42769167 -45142658 -12892811 14958586 -24799199 -74916263 -81152124 -26159912 46442893 -61302076 14440907 -50902221 47864564 43711553 -78894878 -45389422 47797068 52517995 12540863 -15963308 39566320 36320739 24445554 6960737 6964806 -13532998 -57602002 -74140977 
15
29691706 -27611318 21870780 22265920 -2787256 -75453762 35183594 7497001 -71405365 -55775798 -58343234 55009431 -3618019 -24044935 38074516 
83
-17739293 -72114386 60807995 -30020778 -21856651 -19954792 47262414 52180960 42207634 -10576329 -5653714 -36124844 -30461459 -42077819 28515103 -65569233 -31972265 -61897244 -5586440 2957351 -52150486 -35202326 48171224 64161021 -53261252 -74971490 54370973 28321250 -13815905 27646009 41332177 53645322 40732143 37340692 61341416 56592364 55102772 43804351 43973844 32510927 -79055106 -73962998 34102955 -24316044 -78323945 -49665069 -52168405 -25095690 -26361793 27445675 15578534 -40795407 29960221 -1049722 -41433865 61899490 9179309 -51862372 25421260 33080276 13500509 -45529691 -25557529 -10566828 -72988479 -29015593 -66257592 19831166 52505630 62916772 -12457387 58651045 -75845706 59362440 -77948127 -68969131 -55102109 -44916012 -56347949 3736618 20246536 44431105 48141732 
89
-68901744 44424739 -17492713 25478085 -72237113 45645419 -6241119 -21019732 -64683752 53401872 53613960 50044642 62103152 -77443112 5076328 49809302 23190532 30335813 -3822781 -14938302 24898773 -44054036 1293087 54997185 -51253175 -17337990 -53549325 54193881 -37706364 32309279 -72681970 -68891236 -35549110 -4974162 41787369 -70069351 -71611871 -76736878 -5888563 51421250 14381867 -17074083 36666412 11685539 -56800323 -70540388 -50788287 4107081 44995945 -16894195 -75630701 -42388410 24252289 -36620742 50325647 58199634 31241789 -68023157 47594035 31252297 2002994 60112586 47561581 51654405 -57144704 24549470 -83214426 58960297 -14470536 -3902468 45582067 -64888149 16740321 17448999 -15485738 -2343129 32109131 18926496 -63035528 -35178052 -62767179 49050644 7634059 46685630 -52369578 -6839774 40085785 64072731 -37146059 
96
30525548 50057456 -76773850 -34195999 -10571267 53798318 -74446009 -8585173 47959136 -51199672 25229231 28741723 -30887301 -22829927 -66092405 -8656166 60027464 51217246 -54529150 34708808 53756067 -79579457 18959972 -3409354 52306693 51790915 -75048608 -19890650 3580518 -74477794 -6777085 -78177061 60780182 -45834063 -27172540 -14590565 -56835224 -63901676 14541134 -73675568 -29900828 -25029114 -7216973 -23071257 -10142169 11891142 53473097 -62397833 -49174739 36660819 57511495 -60218152 42281882 -35811660 21573014 -17694552 53696127 -15758722 131670 -7522835 -5035996 -71444895 -499376 -56538942 -32078437 10044957 -33412635 -51196789 31343801 -83670980 -39671837 -63356507 -23499574 38311710 -48710892 51558777 -62080275 -60037274 -75638536 -26054494 61824065 19589831 -1072126 -8177180 21495043 58217760 59328788 10391690 -69824090 -52822670 40585728 -37143213 -39067044 -72196776 -8481635 -33428609 
9
-4177397 575122 -10406978 -2647857 -1379843 -36046613 11569441 -75351261 443016 
14
-52231016 25606262 62923426 6915010 -24852801 -29769871 43559756 4686891 -73074307 -10505612 -783801 22517903 -42612829 31594050 
35
5444478 30243878 -36175752 34679715 34532141 -77926531 -34297162 -77175865 -3132988 771853 -40838836 46020919 -52458186 -30989577 -18335545 -63896224 1979928 44987589 -65772278 46611810 57851661 -57825276 -22111561 -2260928 -45699063 52583347 34672144 14535712 -54828962 -46016934 50556736 -11667612 -80572536 -50418496 60728976 
9
-43144507 64148686 -47782516 38923025 121060 -3420832 -27339183 -14620254 50790111 
44
-40799605 -59513089 -27769746 -68855011 -77700758 -34717565 -41479767 -14611799 738379 -1978310 -74311580 -29388957 50274275 -43940021 9794629 36031531 -17890761 -33061035 -79186445 -69444913 43815962 -37130432 -70095706 -68766034 39509466 -32257774 -34469994 -52629197 -9161156 -48479362 24613467 35239759 -22791931 -67955759 51585269 -15292169 -64956452 47822374 7812904 -26501200 -66439063 18701845 29310363 -80964268 
84
-73178135 40267783 -70211545 -21038650 46281858 -54455937 60494185 46868298 63165229 29445023 21578284 -33892025 -69824450 6665959 42147339 -33103292 -33520053 -34896029 -18178351 -63758940 -48110240 4246353 59001481 37429006 -52740223 -32299199 56190463 51162142 34728036 60426715 -1158642 46750421 35895018 -33653314 -39087708 -30106252 -50392379 59123349 -48037433 -52026630 23768892 58741371 -48201783 -8338686 -46875797 31662428 -3725106 -42678978 -68033081 63297064 -68721046 -78426449 2743937 -74519045 44203078 35204234 -69101372 35594061 -25916751 50827185 31221297 58125127 32778126 -45166813 62188685 31407290 9927456 -53003174 -21752489 47090543 -67312932 -62783076 -6451214 -30314195 -33404890 31873509 -63451246 48070525 -75604949 56232545 46568109 -59125474 63006617 -62971082 
13
-5073433 9950024 -79828498 -34278852 -80766207 8715559 34659317 15075793 -70789443 -75306975 12464998 45818368 19821001 

