1000
-784
419
29
-165
677
766
-591
-832
405
398
-719
463
-541
435
-900
-252
-990
-327
593
-733
-858
674
-612
-70
19
391
320
489
-815
159
258
-288
-146
159
-963
-750
-926
-782
404
-518
261
718
-131
-430
715
342
423
-356
229
669
-200
420
-776
732
-583
-602
234
769
202
-188
23
-881
-335
498
-226
-33
-906
294
-414
978
414
224
341
-162
510
535
-638
-408
-33
-429
382
-375
-926
522
-402
-254
942
154
-528
-468
371
-825
968
971
89
262
-751
-367
-617
-181
-383
355
-594
-857
-555
-664
520
53
-345
-342
-11
249
525
524
-892
101
-934
836
560
370
547
-685
748
-96
113
329
160
892
421
849
-242
-997
-971
-485
384
288
-924
145
-904
890
-401
-865
811
994
-448
750
9
283
374
789
595
754
741
-790
698
574
-889
906
-210
14
-257
95
-826
134
435
445
366
-185
-523
800
961
96
791
-350
8
286
875
-455
673
-850
-726
673
-957
-319
92
-533
-920
999
-310
-176
323
-558
34
-141
999
34
-548
774
460
336
112
-524
-210
-960
796
-653
334
-97
429
606
193
-194
-480
-529
-663
-229
-674
429
366
-457
-274
517
970
-977
967
-275
-533
795
735
244
604
-382
234
-115
497
374
262
409
751
380
-844
-400
-501
938
222
-143
734
-488
911
-654
-141
-967
-940
985
982
-110
109
-972
662
346
-759
687
-932
514
860
-867
-164
790
751
593
129
584
168
85
-831
-194
154
689
831
925
-546
-631
677
72
891
607
955
55
562
578
-12
680
-538
666
-450
47
-448
-22
346
-126
-217
-859
-648
884
-880
-910
795
-266
-753
-264
-583
-289
92
-588
291
-292
-89
920
229
-233
-562
865
508
986
-882
178
381
805
-273
-714
982
276
-766
19
-16
959
-917
-713
-577
-293
-259
-669
-947
-570
-265
-533
358
-10
266
-796
693
-4
-545
-963
-33
-687
-648
-571
341
-407
797
-956
-28
-445
868
863
-469
77
398
-650
-823
-601
292
485
-253
-585
-860
843
576
607
18
433
-193
826
488
323
960
615
-322
-271
947
-217
-537
-106
543
403
-259
-141
499
1
-901
-476
-672
115
862
574
540
633
179
-762
-923
674
-500
4
-521
-192
553
818
611
-273
249
252
-564
565
-175
216
-86
479
-722
-772
-462
307
109
-273
419
-183
-973
150
344
-465
745
319
-213
786
-555
-265
-431
-359
489
571
9
-836
-280
36
713
-685
250
975
195
-22
-151
104
-971
-211
-839
36
-137
502
-626
-76
173
849
-793
33
629
-459
51
-960
-183
136
-98
46
46
496
-848
-911
718
-851
-231
392
-982
-412
-220
672
388
34
259
246
245
-751
-375
-802
140
918
248
788
-361
476
63
-352
743
-824
-565
408
-3
-431
-241
819
-228
-753
136
621
-810
-336
287
568
458
162
114
-957
406
516
22
349
147
30
-471
-399
960
-558
-198
148
241
934
402
-372
-619
452
599
-866
13
580
-172
299
131
505
147
996
625
-635
-809
572
565
-3
-170
837
594
868
-73
-583
-897
-487
69
-704
-742
177
63
675
702
-486
530
-170
-199
411
969
-80
444
579
365
107
-935
810
-663
-609
473
-483
95
-387
-805
517
569
923
531
926
843
-698
325
490
-266
158
610
152
543
638
-232
-60
858
-56
959
572
-859
-658
249
157
142
808
591
-205
329
719
150
338
-268
684
735
194
-228
-673
911
-235
887
-619
465
-476
509
-337
603
741
-979
-388
-157
-770
-534
367
136
-558
953
454
872
-66
-311
419
-515
-989
285
13
-662
-447
32
246
-241
-672
694
-943
977
398
722
114
-896
-332
-297
295
943
828
-395
-229
-292
307
-193
-551
-807
-976
487
726
27
752
674
460
-279
-600
575
-237
45
562
242
-883
247
-678
-771
-700
339
-195
228
1000
-445
-585
522
848
857
-641
-334
962
574
-375
715
-13
797
-789
-130
530
743
-765
-74
-69
-104
991
409
-598
835
309
271
595
-516
-979
6
-547
433
695
735
-943
511
-291
596
556
557
-855
-596
-309
-476
904
-485
-458
177
-962
-740
148
46
-627
-601
-598
685
58
54
-677
-478
-892
203
-249
-11
892
72
-623
880
-765
838
940
-287
-311
610
-868
280
150
-144
-955
84
-277
-25
205
-221
-726
-535
123
-351
-768
853
237
59
-638
843
-302
195
-443
-861
-959
-125
-787
-639
878
646
-498
888
-646
-962
976
-792
-916
-610
107
-94
-140
-677
372
-22
56
-974
-956
-983
996
487
-770
-258
-722
-199
-242
720
-912
317
549
-358
771
179
336
247
-229
17
-239
-532
126
406
17
4
299
-142
590
-179
28
850
552
-981
-196
296
-172
-782
420
-217
32
-379
-765
-679
-368
-700
-40
-728
-62
699
-493
-596
40
-165
-114
30
-577
541
-969
208
-769
-174
789
985
-964
-943
-316
-304
423
815
947
-798
-789
858
-32
236
-344
-453
752
-980
417
-304
19
607
-669
829
-423
995
281
-138
-814
-225
-87
333
205
-522
527
-493
-186
-483
61
-782
-409
518
38
378
-347
-280
638
-443
380
-63
540
-688
900
-132
52
-408
-553
476
-34
448
392
-124
-212
-921
-192
-557
-514
-968
875
-474
321
990
-379
376
801
41
881
428
-581
808
-142
-379
150
361
-787
-914
852
993
-285
-756
-948
363
778
-725
764
-249
-642
16
587
656
-50
-885
-457
